2.945948115071898073e-03
3.002789376629019812e-04
1.643826033348265968e-04
9.267314391497454050e-05
4.714469883687920143e-05
1.796313058534684421e-05
3.840698761181107059e-06
3.821744777359084463e-07
1.135221322290109792e-07
8.086039047282311781e-08
6.955240995934136441e-08
6.403493932395338319e-08
6.079694779809862771e-08
5.877941018524281483e-08
5.724277976612906926e-08
5.598673512493356319e-08
5.487691459568960639e-08
5.391447954966734640e-08
5.304113146259312470e-08
5.218753881995370974e-08
